baseline:(0.29568238715181644, 0.09966027483114749, 0.1847130470926943)
finetuned:(0.321333209027407, 0.12209805316909716, 0.20206766401962564)
